'FSJ18-FSJ18-Saturday-02',101,71500,,'',0,2800,4,'',0,7200,,'',0,2800,4,'',0,7200,,'',0,2800,4,'',0,8700,,'',0,2800,4,'',0,7200,,'',0,2800,4,'',0,7200,,'',0,2800,4,'',0,4200,,'',0,2800,4,'',0,200,,'',0,2800,4,'',0,4200,,'',0,2800,4,'',0,1700,,'',0,6800,4,'',0,200,,'',0,2800,4,'',0,200,,'',0,6800,4,'',0,200,,'',0,2800,4,'',0,200,,'',0,6800,4,'',0,200,,'',0,2800,4,'',0,200,,'',0,6800,4,'',0,200,,'',0,2800,4,'',0,200,,'',0,6800,4,'',0
'FSJ18-FSJ18-Weekday-04',101,64000,,'',0,6800,4,'',0,200,,'',0,2800,4,'',0,700,,'',0,6800,4,'',0,200,,'',0,2800,4,'',0,1200,,'',0,6800,4,'',0,200,,'',0,2800,4,'',0,4700,,'',0,2800,4,'',0,200,,'',0,2800,4,'',0,4700,,'',0,2800,4,'',0,200,,'',0,6800,4,'',0,700,,'',0,2800,4,'',0,200,,'',0,6800,4,'',0,700,,'',0,2800,4,'',0,200,,'',0,6800,4,'',0,700,,'',0,2800,4,'',0,200,,'',0,6800,4,'',0,700,,'',0,2800,4,'',0,5200,,'',0,2800,4,'',0,700,,'',0,6800,4,'',0,700,,'',0,2800,4,'',0,700,,'',0,6800,4,'',0,700,,'',0,2800,4,'',0,200,,'',0,6800,4,'',0
'FSJ18-FSJ18-Weekday-12',101,80000,,'',0,2800,4,'',0,200,,'',0,2800,4,'',0,8200,,'',0,6800,4,'',0,700,,'',0,2800,4,'',0,7700,,'',0,2800,4,'',0,200,,'',0,6800,4,'',0,9200,,'',0,2800,4,'',0,700,,'',0,6800,4,'',0,3700,,'',0,6800,4,'',0,700,,'',0,2800,4,'',0,7700,,'',0,2800,4,'',0
'FSJ18-FSJ18-Saturday-02',201,71500,,'',0,3000,,'',0,7000,,'',0,3000,,'',0,7000,,'',0,3000,,'',0,7000,4,'',0,1500,,'',0,7000,,'',0,3000,,'',0,7000,,'',0,3000,,'',0,7000,,'',0,3000,,'',0,7000,,'',0,3000,4,'',0,1500,,'',0,7000,,'',0,3000,,'',0,7000,,'',0,3000,,'',0,7000,,'',0,3000,,'',0,7000,,'',0,3000,,'',0,7000,4,'',0
'FSJ18-FSJ18-Weekday-04',201,60500,,'',0,3000,4,'',0,500,,'',0,7000,,'',0,3000,4,'',0,500,,'',0,7000,4,'',0,4000,,'',0,7000,,'',0,3000,4,'',0,4500,,'',0,3000,,'',0,7000,4,'',0,500,,'',0,3000,,'',0,7000,4,'',0,500,,'',0,3000,,'',0,7000,4,'',0,500,,'',0,3000,,'',0,7000,4,'',0,500,,'',0,3000,,'',0,7000,4,'',0,8500,,'',0,3000,4,'',0,500,,'',0,7000,4,'',0,500,,'',0,3000,4,'',0,500,,'',0,7000,4,'',0,500,,'',0,3000,4,'',0
'FSJ18-FSJ18-Weekday-12',201,80000,,'',0,3000,4,'',0,7500,,'',0,3000,4,'',0,500,,'',0,7000,4,'',0,3500,,'',0,7000,4,'',0,500,,'',0,3000,4,'',0,8500,,'',0,7000,4,'',0,500,,'',0,3000,4,'',0,7500,,'',0,3000,4,'',0,500,,'',0,7000,4,'',0,8000,,'',0,3000,,'',0,7000,4,'',0
'FSJ18-FSJ18-Saturday-02',301,74500,,'',0,6900,4,'',0,3100,,'',0,6900,4,'',0,3100,,'',0,6900,4,'',0,8600,,'',0,2900,4,'',0,7100,,'',0,2900,4,'',0,7100,,'',0,2900,4,'',0,100,,'',0,2900,4,'',0,4100,,'',0,2900,4,'',0,100,,'',0,2900,4,'',0,5600,,'',0,2900,4,'',0,100,,'',0,6900,4,'',0,100,,'',0,2900,4,'',0,100,,'',0,6900,4,'',0,100,,'',0,2900,4,'',0,100,,'',0,6900,4,'',0,100,,'',0,2900,4,'',0
'FSJ18-FSJ18-Weekday-04',301,64000,,'',0,6900,4,'',0,100,,'',0,2900,4,'',0,600,,'',0,6900,4,'',0,4100,,'',0,6900,4,'',0,100,,'',0,2900,4,'',0,4600,,'',0,2900,4,'',0,100,,'',0,2900,4,'',0,4600,,'',0,2900,4,'',0,100,,'',0,6900,4,'',0,600,,'',0,2900,4,'',0,100,,'',0,6900,4,'',0,600,,'',0,2900,4,'',0,100,,'',0,6900,4,'',0,600,,'',0,2900,4,'',0,100,,'',0,6900,4,'',0,8600,,'',0,2900,4,'',0,600,,'',0,6900,4,'',0,600,,'',0,2900,4,'',0,600,,'',0,6900,4,'',0,600,,'',0,2900,4,'',0,100,,'',0
'FSJ18-FSJ18-Weekday-12',301,83000,,'',0,2900,4,'',0,4600,,'',0,2900,4,'',0,8100,,'',0,2900,4,'',0,100,,'',0,6900,4,'',0,3600,,'',0,6900,4,'',0,1600,,'',0,6900,4,'',0,4100,,'',0,6900,4,'',0,100,,'',0,2900,4,'',0,8100,,'',0,2900,4,'',0,4600,,'',0,2900,4,'',0
'FSJ18-FSJ18-Weekday-04',400,81500,,'',0,2800,4,'',0,68200,,'',0,2800,4,'',0
'FSJ18-FSJ18-Weekday-04',501,81500,,'',0,3000,4,'',0,68000,,'',0,3000,4,'',0
