'2739',101,74500,,'',0,6800,4,'',0,4200,,'',0,6800,4,'',0,10700,,'',0,2800,4,'',0,18200,,'',0,6800,4,'',0,14200,,'',0,6800,4,'',0,700,,'',0,2800,4,'',0,19700,,'',0,6800,4,'',0
'2740',101,71500,,'',0,2800,4,'',0,7200,,'',0,2800,4,'',0,7200,,'',0,2800,4,'',0,8700,,'',0,2800,4,'',0,7200,,'',0,2800,4,'',0,7200,,'',0,2800,4,'',0,4200,,'',0,2800,4,'',0,200,,'',0,2800,4,'',0,4200,,'',0,2800,4,'',0,1700,,'',0,6800,4,'',0,200,,'',0,2800,4,'',0,200,,'',0,6800,4,'',0,200,,'',0,2800,4,'',0,200,,'',0,6800,4,'',0,200,,'',0,2800,4,'',0,200,,'',0,6800,4,'',0,200,,'',0,2800,4,'',0,200,,'',0,6800,4,'',0
'2796',101,64000,,'',0,6800,4,'',0,200,,'',0,2800,4,'',0,7700,,'',0,2800,4,'',0,8200,,'',0,2800,4,'',0,4700,,'',0,2800,4,'',0,7700,,'',0,2800,4,'',0,200,,'',0,6800,4,'',0,700,,'',0,2800,4,'',0,7700,,'',0,2800,4,'',0,200,,'',0,6800,4,'',0,700,,'',0,2800,4,'',0,15700,,'',0,2800,4,'',0,700,,'',0,6800,4,'',0,700,,'',0,2800,4,'',0,8200,,'',0,2800,4,'',0,200,,'',0,6800,4,'',0
'2797',101,64000,,'',0,6800,4,'',0,200,,'',0,2800,4,'',0,7700,,'',0,2800,4,'',0,8200,,'',0,2800,4,'',0,4700,,'',0,2800,4,'',0,7700,,'',0,2800,4,'',0,200,,'',0,6800,4,'',0,700,,'',0,2800,4,'',0,7700,,'',0,2800,4,'',0,200,,'',0,6800,4,'',0,700,,'',0,2800,4,'',0,15700,,'',0,2800,4,'',0,700,,'',0,6800,4,'',0,700,,'',0,2800,4,'',0,8200,,'',0,2800,4,'',0,200,,'',0,6800,4,'',0
'2739',201,64000,,'',0,7000,4,'',0,21500,,'',0,3000,4,'',0,15000,,'',0,3000,4,'',0,7500,,'',0,3000,4,'',0,7500,,'',0,3000,4,'',0,26000,,'',0,3000,4,'',0,500,,'',0,7000,4,'',0,11500,,'',0,3000,4,'',0
'2740',201,71500,,'',0,3000,,'',0,7000,4,'',0,3000,,'',0,7000,4,'',0,3000,,'',0,7000,4,'',0,1500,,'',0,7000,4,'',0,3000,4,'',0,7000,,'',0,3000,4,'',0,7000,,'',0,3000,,'',0,7000,,'',0,3000,4,'',0,1500,,'',0,7000,4,'',0,3000,4,'',0,7000,,'',0,3000,,'',0,7000,4,'',0,3000,4,'',0,7000,,'',0,3000,,'',0,7000,4,'',0
'2796',201,60500,,'',0,3000,4,'',0,7500,,'',0,3000,4,'',0,500,,'',0,7000,4,'',0,4000,,'',0,7000,4,'',0,7500,,'',0,3000,,'',0,7000,4,'',0,3500,,'',0,7000,4,'',0,3500,,'',0,7000,4,'',0,3500,,'',0,7000,4,'',0,500,,'',0,3000,,'',0,7000,4,'',0,19500,,'',0,3000,4,'',0,500,,'',0,7000,4,'',0
'2797',201,60500,,'',0,3000,4,'',0,7500,,'',0,3000,4,'',0,500,,'',0,7000,4,'',0,4000,,'',0,7000,4,'',0,7500,,'',0,3000,,'',0,7000,4,'',0,3500,,'',0,7000,4,'',0,3500,,'',0,7000,4,'',0,3500,,'',0,7000,4,'',0,500,,'',0,3000,,'',0,7000,4,'',0,19500,,'',0,3000,4,'',0,500,,'',0,7000,4,'',0
'2739',301,71000,,'',0,2900,4,'',0,26100,,'',0,2900,4,'',0,10600,,'',0,6900,4,'',0,14100,,'',0,6900,4,'',0,600,,'',0,2900,4,'',0,26600,,'',0,2900,4,'',0,11100,,'',0
'2740',301,74500,,'',0,6900,4,'',0,3100,,'',0,6900,4,'',0,3100,,'',0,6900,4,'',0,8600,,'',0,2900,4,'',0,7100,,'',0,2900,4,'',0,7100,,'',0,2900,4,'',0,100,,'',0,2900,4,'',0,4100,,'',0,2900,4,'',0,100,,'',0,2900,4,'',0,5600,,'',0,2900,4,'',0,100,,'',0,6900,4,'',0,100,,'',0,2900,4,'',0,100,,'',0,6900,4,'',0,100,,'',0,2900,4,'',0,100,,'',0,6900,4,'',0,100,,'',0,2900,4,'',0
'2796',301,64000,,'',0,6900,4,'',0,3600,,'',0,6900,4,'',0,4100,,'',0,6900,4,'',0,100,,'',0,2900,4,'',0,7600,,'',0,2900,4,'',0,4600,,'',0,2900,4,'',0,7600,,'',0,2900,4,'',0,100,,'',0,6900,4,'',0,600,,'',0,2900,4,'',0,10600,,'',0,6900,4,'',0,8600,,'',0,2900,4,'',0,600,,'',0,6900,4,'',0,4100,,'',0,6900,4,'',0,600,,'',0,2900,4,'',0
'2797',301,64000,,'',0,6900,4,'',0,3600,,'',0,6900,4,'',0,4100,,'',0,6900,4,'',0,100,,'',0,2900,4,'',0,7600,,'',0,2900,4,'',0,4600,,'',0,2900,4,'',0,7600,,'',0,2900,4,'',0,100,,'',0,6900,4,'',0,600,,'',0,2900,4,'',0,10600,,'',0,6900,4,'',0,8600,,'',0,2900,4,'',0,600,,'',0,6900,4,'',0,4100,,'',0,6900,4,'',0,600,,'',0,2900,4,'',0
'2739',400,81500,,'',0,2800,4,'',0
'2796',400,152500,,'',0,2800,4,'',0
'2797',400,152500,,'',0,2800,4,'',0
'2796',501,81500,,'',0,3000,4,'',0,68000,,'',0,3000,4,'',0
'2797',501,81500,,'',0,3000,4,'',0,68000,,'',0,3000,4,'',0
