103,198001,1,0
103,198040,2,0
103,198036,3,0
103,198024,4,0
103,198043,5,0
103,198002,6,0
103,198020,7,0
103,198021,8,0
103,198023,9,0
103,198085,10,0
103,198010,11,0
103,198026,12,0
103,198011,13,0
103,198012,14,0
103,198013,15,0
103,198041,16,0
103,198044,17,0
103,198045,18,0
103,198046,19,0
103,198014,20,0
103,198015,21,0
103,198016,22,0
103,198084,23,1
104,198084,1,0
104,198047,2,0
104,198018,3,0
104,198017,4,0
104,198019,5,0
104,198025,6,0
104,198000,7,0
104,198001,8,1
201,198001,1,0
201,198066,2,0
201,198065,3,0
201,198004,4,0
201,198064,5,0
201,198058,6,0
201,198059,7,0
201,198060,8,0
201,198061,9,0
201,198062,10,0
201,198005,11,0
201,198048,12,0
201,198049,13,0
201,198050,14,0
201,198051,15,1
202,198051,1,0
202,198052,2,0
202,198053,3,0
202,198054,4,0
202,198055,5,0
202,198056,6,0
202,198006,7,0
202,198057,8,0
202,198042,9,0
202,198063,10,0
202,198007,11,0
202,198079,12,0
202,198080,13,0
202,198081,14,0
202,198009,15,0
202,198037,16,0
202,198038,17,0
202,198001,18,1
303,198009,1,0
303,198037,2,0
303,198038,3,0
303,198039,4,0
303,198085,5,0
303,198031,6,0
303,198029,7,0
303,198030,8,0
303,198032,9,0
303,198033,10,0
303,198034,11,0
303,198035,12,0
303,198001,13,1
304,198001,1,0
304,198067,2,0
304,198068,3,0
304,598000,4,0
304,198082,5,0
304,198069,6,0
304,198070,7,0
304,198071,8,0
304,198072,9,0
304,198088,10,0
304,198073,11,0
304,198074,12,0
304,198075,13,0
304,198086,14,0
304,198007,15,0
304,198079,16,0
304,198080,17,0
304,198081,18,0
304,198009,19,1
401,198058,1,0
401,198001,2,0
401,198040,3,0
401,198036,4,0
401,198083,5,0
401,198057,6,0
401,198042,7,0
401,198059,8,0
401,198060,9,0
401,198061,10,0
401,198062,11,0
401,198005,12,0
401,198048,13,0
401,198049,14,0
401,198050,15,0
401,198051,16,1
402,198051,1,0
402,198058,2,0
402,198052,3,0
402,198053,4,0
402,198054,5,0
402,198055,6,0
402,198056,7,0
402,198006,8,0
402,198057,9,0
402,198042,10,0
402,198063,11,0
402,198087,12,0
402,198080,13,0
402,198081,14,0
402,198009,15,0
402,198037,16,0
402,198038,17,0
402,198001,18,1
503,198037,1,0
503,198038,2,0
503,198039,3,0
503,198085,4,0
503,198031,5,0
503,198029,6,0
503,198030,7,0
503,198032,8,0
503,198033,9,0
503,198034,10,0
503,198035,11,0
503,198001,12,1
504,198001,1,0
504,198067,2,0
504,198068,3,0
504,598000,4,0
504,198042,5,0
504,198063,6,0
504,198007,7,0
504,198079,8,0
504,198080,9,0
504,198081,10,0
504,198009,11,0
504,198037,12,1
