101,198001,1,0
101,198092,2,0
101,198040,3,0
101,198036,4,0
101,198024,5,0
101,198043,6,0
101,198002,7,0
101,198020,8,0
101,198093,9,0
101,198021,10,0
101,198023,11,0
101,198085,12,0
101,198010,13,0
101,198026,14,0
101,198011,15,0
101,198012,16,0
101,198013,17,0
101,198041,18,0
101,198103,19,0
101,198044,20,0
101,198045,21,0
101,198046,22,0
101,198014,23,0
101,198015,24,0
101,198016,25,0
101,198084,26,0
101,198018,27,0
101,198017,28,0
101,198019,29,0
101,198025,30,0
101,198094,31,0
101,198000,32,0
101,198089,33,0
101,198090,34,0
201,198001,1,0
201,198100,2,0
201,198066,3,0
201,198065,4,0
201,198004,5,0
201,198064,6,0
201,198058,7,0
201,198059,8,0
201,198060,9,0
201,198095,10,0
201,198061,11,0
201,198062,12,0
201,198005,13,0
201,198104,14,0
201,198106,15,0
201,198053,16,0
201,198054,17,0
201,198055,18,0
201,198056,19,0
201,198006,20,0
201,198057,21,0
201,198042,22,0
201,198063,23,0
201,198007,24,0
201,198096,25,0
201,198079,26,0
201,198087,27,0
201,198080,28,0
201,198081,29,0
201,198037,30,0
201,198038,31,0
301,198001,1,0
301,198067,2,0
301,198068,3,0
301,198101,4,0
301,198097,5,0
301,198082,6,0
301,198069,7,0
301,198098,8,0
301,198070,9,0
301,198071,10,0
301,198072,11,0
301,198088,12,0
301,198073,13,0
301,198074,14,0
301,198075,15,0
301,198086,16,0
301,198102,17,0
301,198007,18,0
301,198096,19,0
301,198079,20,0
301,198087,21,0
301,198080,22,0
301,198081,23,0
301,198037,24,0
301,198099,25,0
301,198031,26,0
301,198030,27,0
301,198032,28,0
301,198033,29,0
301,198034,30,0
301,198035,31,0
400,198001,1,0
400,198040,2,0
400,198036,3,0
400,198083,4,0
400,198057,5,0
400,198042,6,0
400,198058,7,0
400,198059,8,0
400,198060,9,0
400,198061,10,0
400,198062,11,0
400,198005,12,0
400,198106,13,0
400,198053,14,0
400,198054,15,0
400,198055,16,0
400,198056,17,0
400,198006,18,0
400,198063,19,0
400,198087,20,0
400,198080,21,0
400,198081,22,0
400,198037,23,0
400,198038,24,0
501,198001,1,0
501,198067,2,0
501,198068,3,0
501,198101,4,0
501,198042,5,0
501,198063,6,0
501,198007,7,0
501,198096,8,0
501,198079,9,0
501,198087,10,0
501,198080,11,0
501,198081,12,0
501,198037,13,0
501,198099,14,0
501,198031,15,0
501,198030,16,0
501,198032,17,0
501,198033,18,0
501,198034,19,0
501,198035,20,0
