201,'5014',632,,335,30,,,0,75,,336,30,,,0,30,,337,30,,,0,75,,338,30,,,0,30,,339,30,,,0,80,,340,30,,,0,30,,341,30,,,0,75,,342,30,,,0,30,,343,30,,,0,75,,344,30,,,0,70,,345,30,,,0,35,,346,30,,,0,70,,348,30,,,0,35,,349,30,,,0,70,,350,30,,,0,35,,351,30,,,0,70,,352,30,,,0,35,,353,30,,,0,80,,354,30,,,0,75,,347,30,,,0,35,,355,30,,,0,75,,356,30,,,0,35,,357,30,,,0
201,'5015',742,,358,30,,,0,70,,359,30,,,0,30,,360,30,,,0,70,,361,30,,,0,30,,362,30,,,0,70,,363,30,,,0,45,,364,30,,,0,70,,365,30,,,0,30,,366,30,,,0,70,,367,30,,,0,30,,368,30,,,0,70,,369,30,,,0,30,,370,30,,,0,70,,371,30,,,0,85,,372,30,,,0,30,,373,30,,,0,70,,374,30,,,0,30,,375,30,,,0,70,,376,30,,,0,30,,377,30,,,0,70,,378,30,,,0,30,,379,30,,,0,70,,380,30,,,0
201,'5112',632,,106,30,,,0,75,,107,30,,,0,30,,108,30,,,0,75,,109,30,,,0,110,,110,30,,,0,30,,111,30,,,0,75,,112,30,,,0,30,,113,30,,,0,75,,114,30,,,0,70,,115,30,,,0,35,,116,30,,,0,70,,117,30,,,0,35,,118,30,,,0,70,,119,30,,,0,35,,120,30,,,0,70,,121,30,,,0,115,,122,30,,,0,75,,123,30,,,0,35,,124,30,,,0,75,,125,30,,,0,35,,126,30,,,0
201,'5113',742,,83,30,,,0,70,,84,30,,,0,30,,85,30,,,0,70,,86,30,,,0,30,,87,30,,,0,70,,88,30,,,0,45,,89,30,,,0,70,,90,30,,,0,30,,91,30,,,0,70,,92,30,,,0,30,,93,30,,,0,70,,94,30,,,0,30,,95,30,,,0,70,,96,30,,,0,85,,97,30,,,0,30,,98,30,,,0,70,,99,30,,,0,30,,100,30,,,0,70,,101,30,,,0,30,,102,30,,,0,70,,103,30,,,0,30,,104,30,,,0,70,,105,30,,,0
201,'5114',632,,381,30,,,0,75,,382,30,,,0,30,,383,30,,,0,75,,384,30,,,0,110,,385,30,,,0,30,,386,30,,,0,75,,387,30,,,0,30,,388,30,,,0,75,,389,30,,,0,70,,390,30,,,0,35,,391,30,,,0,70,,392,30,,,0,35,,393,30,,,0,70,,394,30,,,0,35,,395,30,,,0,70,,396,30,,,0,115,,397,30,,,0,75,,398,30,,,0,35,,399,30,,,0,75,,400,30,,,0,35,,401,30,,,0
201,'5115',742,,402,30,,,0,70,,403,30,,,0,30,,404,30,,,0,70,,405,30,,,0,30,,406,30,,,0,70,,407,30,,,0,45,,408,30,,,0,70,,409,30,,,0,30,,410,30,,,0,70,,411,30,,,0,30,,412,30,,,0,70,,413,30,,,0,30,,414,30,,,0,70,,415,30,,,0,85,,416,30,,,0,30,,417,30,,,0,70,,418,30,,,0,30,,419,30,,,0,70,,420,30,,,0,30,,421,30,,,0,70,,422,30,,,0,30,,423,30,,,0,70,,424,30,,,0
301,'5014',658,,426,21,,,0,70,,427,21,,,0,75,,425,21,,,0,30,,428,21,,,0,80,,430,21,,,0,30,,431,21,,,0,75,,432,21,,,0,30,,429,21,,,0,75,,433,21,,,0,30,,434,21,,,0,75,,435,21,,,0,30,,436,21,,,0,75,,437,21,,,0,70,,438,21,,,0,35,,439,21,,,0,70,,447,21,,,0,35,,441,21,,,0,80,,442,21,,,0,35,,443,21,,,0,75,,444,21,,,0,75,,445,21,,,0,35,,446,21,,,0
301,'5015',803,,448,21,,,0,100,,449,21,,,0,100,,450,21,,,0,115,,451,21,,,0,100,,452,21,,,0,100,,453,21,,,0,30,,454,21,,,0,70,,455,21,,,0,30,,456,21,,,0,85,,457,21,,,0,70,,458,21,,,0,30,,459,21,,,0,70,,460,21,,,0,30,,461,21,,,0,70,,462,21,,,0,30,,463,21,,,0
301,'5112',658,,189,21,,,0,70,,190,21,,,0,75,,191,21,,,0,110,,192,21,,,0,30,,193,21,,,0,75,,194,21,,,0,30,,195,21,,,0,75,,196,21,,,0,30,,197,21,,,0,75,,198,21,,,0,30,,199,21,,,0,75,,200,21,,,0,70,,201,21,,,0,35,,202,21,,,0,70,,203,21,,,0,115,,204,21,,,0,35,,205,21,,,0,75,,206,21,,,0,75,,207,21,,,0,35,,208,21,,,0
301,'5113',803,,173,21,,,0,100,,174,21,,,0,100,,175,21,,,0,115,,176,21,,,0,100,,177,21,,,0,100,,178,21,,,0,30,,179,21,,,0,70,,180,21,,,0,30,,181,21,,,0,85,,182,21,,,0,70,,183,21,,,0,30,,184,21,,,0,70,,185,21,,,0,30,,186,21,,,0,70,,187,21,,,0,30,,188,21,,,0
301,'5114',658,,464,21,,,0,70,,465,21,,,0,75,,466,21,,,0,110,,467,21,,,0,30,,468,21,,,0,75,,469,21,,,0,30,,470,21,,,0,75,,471,21,,,0,30,,472,21,,,0,75,,473,21,,,0,30,,474,21,,,0,75,,475,21,,,0,70,,476,21,,,0,35,,477,21,,,0,70,,478,21,,,0,115,,479,21,,,0,35,,480,21,,,0,75,,481,21,,,0,75,,482,21,,,0,35,,483,21,,,0
301,'5115',803,,485,21,,,0,100,,486,21,,,0,100,,487,21,,,0,115,,489,21,,,0,100,,490,21,,,0,100,,491,21,,,0,30,,488,21,,,0,70,,492,21,,,0,30,,493,21,,,0,85,,494,21,,,0,70,,495,21,,,0,30,,496,21,,,0,70,,497,21,,,0,30,,498,21,,,0,70,,499,21,,,0,30,,500,21,,,0
400,'5112',840,,249,25,,,0,710,,250,25,,,0
400,'5114',840,,501,25,,,0,710,,502,25,,,0
501,'5112',833,,252,10,,,0,710,,251,10,,,0
501,'5114',833,,504,10,,,0,710,,503,10,,,0
