201,'5012',742,,83,31,,,0,70,,84,31,,,0,30,,85,31,,,0,70,,86,31,,,0,30,,87,31,,,0,70,,88,31,,,0,45,,89,31,,,0,70,,90,31,,,0,30,,91,31,,,0,70,,92,31,,,0,30,,93,31,,,0,70,,94,31,,,0,30,,95,31,,,0,70,,96,31,,,0,85,,97,31,,,0,30,,98,31,,,0,70,,99,31,,,0,30,,100,31,,,0,70,,101,31,,,0,30,,102,31,,,0,70,,103,31,,,0,30,,104,31,,,0,70,,105,31,,,0
201,'5013',632,,106,31,,,0,75,,107,31,,,0,30,,108,31,,,0,75,,109,31,,,0,110,,110,31,,,0,30,,111,31,,,0,75,,112,31,,,0,30,,113,31,,,0,75,,114,31,,,0,70,,115,31,,,0,35,,116,31,,,0,70,,117,31,,,0,35,,118,31,,,0,70,,119,31,,,0,35,,120,31,,,0,70,,121,31,,,0,115,,122,31,,,0,75,,123,31,,,0,35,,124,31,,,0,75,,125,31,,,0,35,,126,31,,,0
201,'5014',632,,127,31,,,0,75,,128,31,,,0,30,,129,31,,,0,75,,130,31,,,0,30,,131,31,,,0,80,,132,31,,,0,30,,133,31,,,0,75,,134,31,,,0,30,,135,31,,,0,75,,136,31,,,0,70,,137,31,,,0,35,,138,31,,,0,70,,140,31,,,0,35,,141,31,,,0,70,,142,31,,,0,35,,143,31,,,0,70,,144,31,,,0,35,,145,31,,,0,80,,146,31,,,0,75,,139,31,,,0,35,,147,31,,,0,75,,148,31,,,0,35,,149,31,,,0
201,'5015',742,,150,31,,,0,70,,151,31,,,0,30,,152,31,,,0,70,,153,31,,,0,30,,154,31,,,0,70,,155,31,,,0,45,,156,31,,,0,70,,157,31,,,0,30,,158,31,,,0,70,,159,31,,,0,30,,160,31,,,0,70,,161,31,,,0,30,,162,31,,,0,70,,163,31,,,0,85,,164,31,,,0,30,,165,31,,,0,70,,166,31,,,0,30,,167,31,,,0,70,,168,31,,,0,30,,169,31,,,0,70,,170,31,,,0,30,,171,31,,,0,70,,172,31,,,0
301,'5012',804,,173,22,,,0,100,,174,22,,,0,100,,175,22,,,0,115,,176,22,,,0,100,,177,22,,,0,100,,178,22,,,0,30,,179,22,,,0,70,,180,22,,,0,30,,181,22,,,0,85,,182,22,,,0,70,,183,22,,,0,30,,184,22,,,0,70,,185,22,,,0,30,,186,22,,,0,70,,187,22,,,0,30,,188,22,,,0
301,'5013',659,,189,22,,,0,70,,190,22,,,0,75,,191,22,,,0,110,,192,22,,,0,30,,193,22,,,0,75,,194,22,,,0,30,,195,22,,,0,75,,196,22,,,0,30,,197,22,,,0,75,,198,22,,,0,30,,199,22,,,0,75,,200,22,,,0,70,,201,22,,,0,35,,202,22,,,0,70,,203,22,,,0,115,,204,22,,,0,35,,205,22,,,0,75,,206,22,,,0,75,,207,22,,,0,35,,208,22,,,0
301,'5014',659,,210,22,,,0,70,,211,22,,,0,75,,212,22,,,0,30,,213,22,,,0,80,,214,22,,,0,30,,215,22,,,0,75,,216,22,,,0,30,,217,22,,,0,75,,218,22,,,0,30,,219,22,,,0,75,,220,22,,,0,30,,221,22,,,0,75,,222,22,,,0,70,,223,22,,,0,35,,224,22,,,0,70,,232,22,,,0,35,,226,22,,,0,80,,227,22,,,0,35,,228,22,,,0,75,,229,22,,,0,75,,230,22,,,0,35,,231,22,,,0
301,'5015',804,,233,22,,,0,100,,234,22,,,0,100,,235,22,,,0,115,,236,22,,,0,100,,237,22,,,0,100,,238,22,,,0,30,,239,22,,,0,70,,240,22,,,0,30,,241,22,,,0,85,,242,22,,,0,70,,243,22,,,0,30,,244,22,,,0,70,,245,22,,,0,30,,246,22,,,0,70,,247,22,,,0,30,,248,22,,,0
400,'5013',841,,249,26,,,0,710,,250,26,,,0
501,'5013',834,,252,11,,,0,710,,251,11,,,0
