201,'5014',624,,335,25,,,0,35,,336,25,,,0,70,,337,25,,,0,75,,338,25,,,0,30,,339,25,,,0,80,,340,25,,,0,30,,341,25,,,0,75,,342,25,,,0,30,,343,25,,,0,75,,344,25,,,0,30,,345,25,,,0,75,,346,25,,,0,30,,348,25,,,0,75,,349,25,,,0,70,,350,25,,,0,35,,351,25,,,0,70,,352,25,,,0,35,,353,25,,,0,80,,354,25,,,0,35,,347,25,,,0,75,,355,25,,,0,75,,356,25,,,0,35,,357,25,,,0
201,'5015',734,,358,25,,,0,70,,359,25,,,0,30,,360,25,,,0,70,,361,25,,,0,30,,362,25,,,0,70,,363,25,,,0,45,,364,25,,,0,70,,365,25,,,0,30,,366,25,,,0,70,,367,25,,,0,30,,368,25,,,0,70,,369,25,,,0,30,,370,25,,,0,70,,371,25,,,0,85,,372,25,,,0,30,,373,25,,,0,70,,374,25,,,0,30,,375,25,,,0,70,,376,25,,,0,30,,377,25,,,0,70,,378,25,,,0,30,,379,25,,,0,70,,380,25,,,0
201,'5112',624,,106,25,,,0,35,,107,25,,,0,70,,108,25,,,0,75,,109,25,,,0,110,,110,25,,,0,30,,111,25,,,0,75,,112,25,,,0,30,,113,25,,,0,75,,114,25,,,0,30,,115,25,,,0,75,,116,25,,,0,30,,117,25,,,0,75,,118,25,,,0,70,,119,25,,,0,35,,120,25,,,0,70,,121,25,,,0,115,,122,25,,,0,35,,123,25,,,0,75,,124,25,,,0,75,,125,25,,,0,35,,126,25,,,0
201,'5113',734,,83,25,,,0,70,,84,25,,,0,30,,85,25,,,0,70,,86,25,,,0,30,,87,25,,,0,70,,88,25,,,0,45,,89,25,,,0,70,,90,25,,,0,30,,91,25,,,0,70,,92,25,,,0,30,,93,25,,,0,70,,94,25,,,0,30,,95,25,,,0,70,,96,25,,,0,85,,97,25,,,0,30,,98,25,,,0,70,,99,25,,,0,30,,100,25,,,0,70,,101,25,,,0,30,,102,25,,,0,70,,103,25,,,0,30,,104,25,,,0,70,,105,25,,,0
201,'5114',624,,381,25,,,0,35,,382,25,,,0,70,,383,25,,,0,75,,384,25,,,0,110,,385,25,,,0,30,,386,25,,,0,75,,387,25,,,0,30,,388,25,,,0,75,,389,25,,,0,30,,390,25,,,0,75,,391,25,,,0,30,,392,25,,,0,75,,393,25,,,0,70,,394,25,,,0,35,,395,25,,,0,70,,396,25,,,0,115,,397,25,,,0,35,,398,25,,,0,75,,399,25,,,0,75,,400,25,,,0,35,,401,25,,,0
201,'5115',734,,402,25,,,0,70,,403,25,,,0,30,,404,25,,,0,70,,405,25,,,0,30,,406,25,,,0,70,,407,25,,,0,45,,408,25,,,0,70,,409,25,,,0,30,,410,25,,,0,70,,411,25,,,0,30,,412,25,,,0,70,,413,25,,,0,30,,414,25,,,0,70,,415,25,,,0,85,,416,25,,,0,30,,417,25,,,0,70,,418,25,,,0,30,,419,25,,,0,70,,420,25,,,0,30,,421,25,,,0,70,,422,25,,,0,30,,423,25,,,0,70,,424,25,,,0
400,'5112',822,,249,6,,,0,16,,249,23,,,0,694,,250,6,,,0,16,,250,23,,,0
400,'5114',822,,501,6,,,0,16,,501,23,,,0,694,,502,6,,,0,16,,502,23,,,0
501,'5112',824,,252,5,,,0,710,,251,5,,,0
501,'5114',824,,504,5,,,0,710,,503,5,,,0
