101,198001,1,0,0
101,198107,2,0,0
101,198040,3,0,0
101,198036,4,0,0
101,198024,5,0,0
101,198043,6,0,0
101,198002,7,0,0
101,198020,8,0,0
101,198093,9,0,0
101,198021,10,0,0
101,198023,11,0,0
101,198085,12,0,0
101,198010,13,0,0
101,198026,14,0,0
101,198013,15,0,0
101,198041,16,0,0
101,198103,17,0,0
101,198044,18,0,0
101,198045,19,0,0
101,198046,20,0,0
101,198014,21,0,0
101,198015,22,0,0
101,198016,23,0,0
101,198084,24,0,0
101,198018,25,0,0
101,198017,26,0,0
101,198019,27,0,0
101,198025,28,0,0
101,198094,29,0,0
101,198000,30,0,0
101,198089,31,0,0
101,198090,32,0,0
201,198001,1,0,0
201,198100,2,0,0
201,198066,3,0,0
201,198065,4,0,0
201,198004,5,0,0
201,198064,6,0,0
201,198058,7,0,0
201,198059,8,0,0
201,198060,9,0,0
201,198095,10,0,0
201,198061,11,0,0
201,198062,12,0,0
201,198005,13,0,0
201,198048,14,0,0
201,198049,15,0,0
201,198050,16,0,0
201,198051,17,0,0
201,198052,18,0,0
201,198053,19,0,0
201,198054,20,0,0
201,198055,21,0,0
201,198056,22,0,0
201,198006,23,0,0
201,198057,24,0,0
201,198042,25,0,0
201,198063,26,0,0
201,198007,27,0,0
201,198096,28,0,0
201,198079,29,0,0
201,198087,30,0,0
201,198080,31,0,0
201,198081,32,0,0
201,198037,33,0,0
201,198038,34,0,0
301,198001,1,0,0
301,198067,2,0,0
301,198068,3,0,0
301,198101,4,0,0
301,198097,5,0,0
301,198082,6,0,0
301,198069,7,0,0
301,198098,8,0,0
301,198070,9,0,0
301,198071,10,0,0
301,198072,11,0,0
301,198088,12,0,0
301,198073,13,0,0
301,198074,14,0,0
301,198075,15,0,0
301,198086,16,0,0
301,198102,17,0,0
301,198007,18,0,0
301,198096,19,0,0
301,198079,20,0,0
301,198087,21,0,0
301,198080,22,0,0
301,198081,23,0,0
301,198037,24,0,0
301,198038,25,0,0
301,198039,26,0,0
301,198085,27,0,0
301,198099,28,0,0
301,198030,29,0,0
301,198032,30,0,0
301,198033,31,0,0
301,198034,32,0,0
301,198035,33,0,0
