201,'5014',629,,335,29,,,0,75,,336,29,,,0,30,,337,29,,,0,75,,338,29,,,0,30,,339,29,,,0,80,,340,29,,,0,30,,341,29,,,0,75,,342,29,,,0,30,,343,29,,,0,75,,344,29,,,0,30,,345,29,,,0,75,,346,29,,,0,70,,348,29,,,0,35,,349,29,,,0,70,,350,29,,,0,35,,351,29,,,0,70,,352,29,,,0,35,,353,29,,,0,80,,354,29,,,0,75,,347,29,,,0,35,,355,29,,,0,75,,356,29,,,0,35,,357,29,,,0
201,'5015',739,,358,29,,,0,70,,359,29,,,0,30,,360,29,,,0,70,,361,29,,,0,30,,362,29,,,0,70,,363,29,,,0,45,,364,29,,,0,70,,365,29,,,0,30,,366,29,,,0,70,,367,29,,,0,30,,368,29,,,0,70,,369,29,,,0,30,,370,29,,,0,70,,371,29,,,0,85,,372,29,,,0,30,,373,29,,,0,70,,374,29,,,0,30,,375,29,,,0,70,,376,29,,,0,30,,377,29,,,0,70,,378,29,,,0,30,,379,29,,,0,70,,380,29,,,0
201,'5112',629,,106,29,,,0,75,,107,29,,,0,30,,108,29,,,0,75,,109,29,,,0,110,,110,29,,,0,30,,111,29,,,0,75,,112,29,,,0,30,,113,29,,,0,75,,114,29,,,0,30,,115,29,,,0,75,,116,29,,,0,70,,117,29,,,0,35,,118,29,,,0,70,,119,29,,,0,35,,120,29,,,0,70,,121,29,,,0,115,,122,29,,,0,75,,123,29,,,0,35,,124,29,,,0,75,,125,29,,,0,35,,126,29,,,0
201,'5113',739,,83,29,,,0,70,,84,29,,,0,30,,85,29,,,0,70,,86,29,,,0,30,,87,29,,,0,70,,88,29,,,0,45,,89,29,,,0,70,,90,29,,,0,30,,91,29,,,0,70,,92,29,,,0,30,,93,29,,,0,70,,94,29,,,0,30,,95,29,,,0,70,,96,29,,,0,85,,97,29,,,0,30,,98,29,,,0,70,,99,29,,,0,30,,100,29,,,0,70,,101,29,,,0,30,,102,29,,,0,70,,103,29,,,0,30,,104,29,,,0,70,,105,29,,,0
201,'5114',629,,381,29,,,0,75,,382,29,,,0,30,,383,29,,,0,75,,384,29,,,0,110,,385,29,,,0,30,,386,29,,,0,75,,387,29,,,0,30,,388,29,,,0,75,,389,29,,,0,30,,390,29,,,0,75,,391,29,,,0,70,,392,29,,,0,35,,393,29,,,0,70,,394,29,,,0,35,,395,29,,,0,70,,396,29,,,0,115,,397,29,,,0,75,,398,29,,,0,35,,399,29,,,0,75,,400,29,,,0,35,,401,29,,,0
201,'5115',739,,402,29,,,0,70,,403,29,,,0,30,,404,29,,,0,70,,405,29,,,0,30,,406,29,,,0,70,,407,29,,,0,45,,408,29,,,0,70,,409,29,,,0,30,,410,29,,,0,70,,411,29,,,0,30,,412,29,,,0,70,,413,29,,,0,30,,414,29,,,0,70,,415,29,,,0,85,,416,29,,,0,30,,417,29,,,0,70,,418,29,,,0,30,,419,29,,,0,70,,420,29,,,0,30,,421,29,,,0,70,,422,29,,,0,30,,423,29,,,0,70,,424,29,,,0
301,'5014',656,,426,20,,,0,70,,427,20,,,0,75,,425,20,,,0,30,,428,20,,,0,80,,430,20,,,0,30,,431,20,,,0,75,,432,20,,,0,30,,429,20,,,0,75,,433,20,,,0,30,,434,20,,,0,75,,435,20,,,0,30,,436,20,,,0,75,,437,20,,,0,70,,438,20,,,0,35,,439,20,,,0,70,,447,20,,,0,35,,441,20,,,0,80,,442,20,,,0,35,,443,20,,,0,75,,444,20,,,0,75,,445,20,,,0,35,,446,20,,,0
301,'5015',801,,448,20,,,0,100,,449,20,,,0,100,,450,20,,,0,115,,451,20,,,0,100,,452,20,,,0,100,,453,20,,,0,30,,454,20,,,0,70,,455,20,,,0,30,,456,20,,,0,85,,457,20,,,0,70,,458,20,,,0,30,,459,20,,,0,70,,460,20,,,0,30,,461,20,,,0,70,,462,20,,,0,30,,463,20,,,0
301,'5112',656,,189,20,,,0,70,,190,20,,,0,75,,191,20,,,0,110,,192,20,,,0,30,,193,20,,,0,75,,194,20,,,0,30,,195,20,,,0,75,,196,20,,,0,30,,197,20,,,0,75,,198,20,,,0,30,,199,20,,,0,75,,200,20,,,0,70,,201,20,,,0,35,,202,20,,,0,70,,203,20,,,0,115,,204,20,,,0,35,,205,20,,,0,75,,206,20,,,0,75,,207,20,,,0,35,,208,20,,,0
301,'5113',801,,173,20,,,0,100,,174,20,,,0,100,,175,20,,,0,115,,176,20,,,0,100,,177,20,,,0,100,,178,20,,,0,30,,179,20,,,0,70,,180,20,,,0,30,,181,20,,,0,85,,182,20,,,0,70,,183,20,,,0,30,,184,20,,,0,70,,185,20,,,0,30,,186,20,,,0,70,,187,20,,,0,30,,188,20,,,0
301,'5114',656,,464,20,,,0,70,,465,20,,,0,75,,466,20,,,0,110,,467,20,,,0,30,,468,20,,,0,75,,469,20,,,0,30,,470,20,,,0,75,,471,20,,,0,30,,472,20,,,0,75,,473,20,,,0,30,,474,20,,,0,75,,475,20,,,0,70,,476,20,,,0,35,,477,20,,,0,70,,478,20,,,0,115,,479,20,,,0,35,,480,20,,,0,75,,481,20,,,0,75,,482,20,,,0,35,,483,20,,,0
301,'5115',801,,485,20,,,0,100,,486,20,,,0,100,,487,20,,,0,115,,489,20,,,0,100,,490,20,,,0,100,,491,20,,,0,30,,488,20,,,0,70,,492,20,,,0,30,,493,20,,,0,85,,494,20,,,0,70,,495,20,,,0,30,,496,20,,,0,70,,497,20,,,0,30,,498,20,,,0,70,,499,20,,,0,30,,500,20,,,0
501,'5112',830,,252,9,,,0,710,,251,9,,,0
501,'5114',830,,504,9,,,0,710,,503,9,,,0
