1,101,'5014',253,254,255,256,257,258,259,260,261,262,263,264,265,266,267,268,269,270,271,272,273,274,275
1,101,'5015',276,277,278,279,280,281,282,283,284,285,286,287,288,289,290,291,292,293
1,101,'5112',19,20,21,22,23,24,25,26,27,28,29,30,31,32,33,34,35,36,37,38,39,40,41
1,101,'5113',1,2,3,4,5,6,7,8,9,10,11,12,13,14,15,16,17,18
1,101,'5114',294,295,296,297,298,299,300,301,302,303,304,305,306,307,308,309,310,311,312,313,314,315,316
1,101,'5115',317,318,319,320,321,322,323,324,325,326,327,328,329,330,331,332,333,334
2,201,'5014',335,336,337,338,339,340,341,342,343,344,345,346,347,348,349,350,351,352,353,354,355,356,357
2,201,'5015',358,359,360,361,362,363,364,365,366,367,368,369,370,371,372,373,374,375,376,377,378,379,380
2,201,'5112',106,107,108,109,110,111,112,113,114,115,116,117,118,119,120,121,122,123,124,125,126
2,201,'5113',83,84,85,86,87,88,89,90,91,92,93,94,95,96,97,98,99,100,101,102,103,104,105
2,201,'5114',381,382,383,384,385,386,387,388,389,390,391,392,393,394,395,396,397,398,399,400,401
2,201,'5115',402,403,404,405,406,407,408,409,410,411,412,413,414,415,416,417,418,419,420,421,422,423,424
3,301,'5014',425,426,427,428,429,430,431,432,433,434,435,436,437,438,439,440,441,442,443,444,445,446,447
3,301,'5015',448,449,450,451,452,453,454,455,456,457,458,459,460,461,462,463
3,301,'5112',189,190,191,192,193,194,195,196,197,198,199,200,201,202,203,204,205,206,207,208,209
3,301,'5113',173,174,175,176,177,178,179,180,181,182,183,184,185,186,187,188
3,301,'5114',464,465,466,467,468,469,470,471,472,473,474,475,476,477,478,479,480,481,482,483,484
3,301,'5115',485,486,487,488,489,490,491,492,493,494,495,496,497,498,499,500
4,400,'5112',249,250
4,400,'5114',501,502
5,501,'5112',251,252
5,501,'5114',503,504
