101,'5014',648,,253,12,,,0,70,,254,12,,,0,35,,255,12,,,0,70,,256,12,,,0,80,,257,12,,,0,30,,258,12,,,0,75,,259,12,,,0,30,,260,12,,,0,75,,261,12,,,0,30,,262,12,,,0,75,,263,12,,,0,30,,264,12,,,0,75,,266,12,,,0,30,,267,12,,,0,75,,268,12,,,0,30,,265,12,,,0,75,,269,12,,,0,80,,270,12,,,0,35,,271,12,,,0,75,,272,12,,,0,35,,273,12,,,0,75,,274,12,,,0,70,,275,12,,,0
101,'5015',723,,276,12,,,0,100,,277,12,,,0,100,,278,12,,,0,115,,279,12,,,0,100,,280,12,,,0,100,,281,12,,,0,70,,282,12,,,0,30,,283,12,,,0,70,,284,12,,,0,45,,285,12,,,0,70,,286,12,,,0,30,,287,12,,,0,70,,288,12,,,0,30,,289,12,,,0,70,,290,12,,,0,30,,291,12,,,0,70,,292,12,,,0,30,,293,12,,,0
101,'5112',648,,19,12,,,0,70,,20,12,,,0,35,,21,12,,,0,70,,22,12,,,0,80,,23,12,,,0,30,,24,12,,,0,75,,25,12,,,0,30,,26,12,,,0,75,,27,12,,,0,30,,28,12,,,0,75,,29,12,,,0,30,,30,12,,,0,75,,31,12,,,0,30,,32,12,,,0,75,,41,12,,,0,30,,33,12,,,0,75,,34,12,,,0,80,,35,12,,,0,35,,36,12,,,0,75,,37,12,,,0,35,,38,12,,,0,75,,39,12,,,0,70,,40,12,,,0
101,'5113',723,,1,12,,,0,100,,2,12,,,0,100,,3,12,,,0,115,,4,12,,,0,100,,5,12,,,0,100,,6,12,,,0,70,,7,12,,,0,30,,8,12,,,0,70,,9,12,,,0,45,,10,12,,,0,70,,11,12,,,0,30,,12,12,,,0,70,,13,12,,,0,30,,14,12,,,0,70,,15,12,,,0,30,,16,12,,,0,70,,17,12,,,0,30,,18,12,,,0
101,'5114',648,,294,12,,,0,70,,295,12,,,0,35,,296,12,,,0,70,,297,12,,,0,80,,298,12,,,0,30,,299,12,,,0,75,,300,12,,,0,30,,301,12,,,0,75,,302,12,,,0,30,,303,12,,,0,75,,304,12,,,0,30,,305,12,,,0,75,,306,12,,,0,30,,307,12,,,0,75,,316,12,,,0,30,,308,12,,,0,75,,309,12,,,0,80,,310,12,,,0,35,,311,12,,,0,75,,312,12,,,0,35,,313,12,,,0,75,,314,12,,,0,70,,315,12,,,0
101,'5115',723,,317,12,,,0,100,,318,12,,,0,100,,319,12,,,0,115,,320,12,,,0,100,,321,12,,,0,100,,322,12,,,0,70,,323,12,,,0,30,,324,12,,,0,70,,325,12,,,0,45,,326,12,,,0,70,,327,12,,,0,30,,328,12,,,0,70,,329,12,,,0,30,,330,12,,,0,70,,331,12,,,0,30,,332,12,,,0,70,,333,12,,,0,30,,334,12,,,0
301,'5014',702,,426,27,,,0,30,,427,27,,,0,75,,425,27,,,0,30,,428,27,,,0,80,,430,27,,,0,30,,431,27,,,0,75,,432,27,,,0,30,,429,27,,,0,75,,433,27,,,0,30,,434,27,,,0,75,,435,27,,,0,70,,436,27,,,0,35,,437,27,,,0,70,,438,27,,,0,35,,439,27,,,0,70,,447,27,,,0,35,,441,27,,,0,80,,442,27,,,0,75,,443,27,,,0,35,,444,27,,,0,75,,445,27,,,0,35,,446,27,,,0
301,'5015',807,,448,27,,,0,100,,449,27,,,0,100,,450,27,,,0,115,,451,27,,,0,100,,452,27,,,0,100,,453,27,,,0,30,,454,27,,,0,70,,455,27,,,0,30,,456,27,,,0,85,,457,27,,,0,70,,458,27,,,0,30,,459,27,,,0,70,,460,27,,,0,30,,461,27,,,0,70,,462,27,,,0,30,,463,27,,,0
301,'5112',702,,189,27,,,0,30,,190,27,,,0,75,,191,27,,,0,110,,192,27,,,0,30,,193,27,,,0,75,,194,27,,,0,30,,195,27,,,0,75,,196,27,,,0,30,,197,27,,,0,75,,198,27,,,0,70,,199,27,,,0,35,,200,27,,,0,70,,201,27,,,0,35,,202,27,,,0,70,,203,27,,,0,115,,204,27,,,0,75,,205,27,,,0,35,,206,27,,,0,75,,207,27,,,0,35,,208,27,,,0
301,'5113',807,,173,27,,,0,100,,174,27,,,0,100,,175,27,,,0,115,,176,27,,,0,100,,177,27,,,0,100,,178,27,,,0,30,,179,27,,,0,70,,180,27,,,0,30,,181,27,,,0,85,,182,27,,,0,70,,183,27,,,0,30,,184,27,,,0,70,,185,27,,,0,30,,186,27,,,0,70,,187,27,,,0,30,,188,27,,,0
301,'5114',702,,464,27,,,0,30,,465,27,,,0,75,,466,27,,,0,110,,467,27,,,0,30,,468,27,,,0,75,,469,27,,,0,30,,470,27,,,0,75,,471,27,,,0,30,,472,27,,,0,75,,473,27,,,0,70,,474,27,,,0,35,,475,27,,,0,70,,476,27,,,0,35,,477,27,,,0,70,,478,27,,,0,115,,479,27,,,0,75,,480,27,,,0,35,,481,27,,,0,75,,482,27,,,0,35,,483,27,,,0
301,'5115',807,,485,27,,,0,100,,486,27,,,0,100,,487,27,,,0,115,,489,27,,,0,100,,490,27,,,0,100,,491,27,,,0,30,,488,27,,,0,70,,492,27,,,0,30,,493,27,,,0,85,,494,27,,,0,70,,495,27,,,0,30,,496,27,,,0,70,,497,27,,,0,30,,498,27,,,0,70,,499,27,,,0,30,,500,27,,,0
501,'5112',838,,252,16,,,0,710,,251,16,,,0
501,'5114',838,,504,16,,,0,710,,503,16,,,0
