101,'5012',715,,1,,,0,28,,1,4,,0,72,,2,,,0,28,,2,4,,0,72,,3,,,0,28,,3,4,,0,87,,4,,,0,28,,4,4,,0,72,,5,,,0,28,,5,4,,0,72,,6,,,0,28,,6,4,,0,42,,7,,,0,28,,7,4,,0,2,,8,,,0,28,,8,4,,0,42,,9,,,0,28,,9,4,,0,17,,10,,,0,68,,10,4,,0,2,,11,,,0,28,,11,4,,0,2,,12,,,0,68,,12,4,,0,2,,13,,,0,28,,13,4,,0,2,,14,,,0,68,,14,4,,0,2,,15,,,0,28,,15,4,,0,2,,16,,,0,68,,16,4,,0,2,,17,,,0,28,,17,4,,0,2,,18,,,0,68,,18,4,,0
101,'5013',640,,19,,,0,68,,19,4,,0,2,,20,,,0,28,,20,4,,0,7,,21,,,0,68,,21,4,,0,2,,22,,,0,28,,22,4,,0,12,,23,,,0,68,,23,4,,0,2,,24,,,0,28,,24,4,,0,47,,25,,,0,28,,25,4,,0,2,,26,,,0,28,,26,4,,0,47,,27,,,0,28,,27,4,,0,2,,28,,,0,68,,28,4,,0,7,,29,,,0,28,,29,4,,0,2,,30,,,0,68,,30,4,,0,7,,31,,,0,28,,31,4,,0,2,,32,,,0,68,,32,4,,0,7,,41,,,0,28,,41,4,,0,2,,33,,,0,68,,33,4,,0,7,,34,,,0,28,,34,4,,0,52,,35,,,0,28,,35,4,,0,7,,36,,,0,68,,36,4,,0,7,,37,,,0,28,,37,4,,0,7,,38,,,0,68,,38,4,,0,7,,39,,,0,28,,39,4,,0,2,,40,,,0,68,,40,4,,0
101,'5014',640,,127,,,0,68,,127,4,,0,2,,128,,,0,28,,128,4,,0,7,,129,,,0,68,,129,4,,0,2,,130,,,0,28,,130,4,,0,12,,131,,,0,68,,131,4,,0,2,,132,,,0,28,,132,4,,0,47,,133,,,0,28,,133,4,,0,2,,134,,,0,28,,134,4,,0,47,,135,,,0,28,,135,4,,0,2,,136,,,0,68,,136,4,,0,7,,137,,,0,28,,137,4,,0,2,,138,,,0,68,,138,4,,0,7,,139,,,0,28,,139,4,,0,2,,140,,,0,68,,140,4,,0,7,,141,,,0,28,,141,4,,0,2,,142,,,0,68,,142,4,,0,7,,143,,,0,28,,143,4,,0,52,,144,,,0,28,,144,4,,0,7,,145,,,0,68,,145,4,,0,7,,146,,,0,28,,146,4,,0,7,,147,,,0,68,,147,4,,0,7,,148,,,0,28,,148,4,,0,2,,149,,,0,68,,149,4,,0
101,'5015',715,,150,,,0,28,,150,4,,0,72,,151,,,0,28,,151,4,,0,72,,152,,,0,28,,152,4,,0,87,,153,,,0,28,,153,4,,0,72,,154,,,0,28,,154,4,,0,72,,155,,,0,28,,155,4,,0,42,,156,,,0,28,,156,4,,0,2,,157,,,0,28,,157,4,,0,42,,158,,,0,28,,158,4,,0,17,,159,,,0,68,,159,4,,0,2,,160,,,0,28,,160,4,,0,2,,161,,,0,68,,161,4,,0,2,,162,,,0,28,,162,4,,0,2,,163,,,0,68,,163,4,,0,2,,164,,,0,28,,164,4,,0,2,,165,,,0,68,,165,4,,0,2,,166,,,0,28,,166,4,,0,2,,167,,,0,68,,167,4,,0
201,'5012',715,,42,,,0,30,,42,4,,0,70,,43,4,,0,30,,45,,,0,70,,46,,,0,30,,46,4,,0,70,,47,4,,0,15,,48,,,0,70,,48,4,,0,30,,50,,,0,70,,51,,,0,30,,52,,,0,70,,52,4,,0,30,,54,,,0,70,,54,4,,0,30,,55,4,,0,15,,56,,,0,70,,57,,,0,30,,57,4,,0,70,,58,4,,0,30,,59,4,,0,70,,61,,,0,30,,61,4,,0,70,,62,4,,0,30,,64,,,0,70,,64,4,,0
201,'5013',605,,65,,,0,30,,65,4,,0,5,,66,,,0,70,,67,,,0,30,,67,4,,0,5,,68,,,0,70,,68,4,,0,40,,69,,,0,70,,70,,,0,30,,70,4,,0,45,,71,,,0,30,,72,,,0,70,,72,4,,0,5,,73,,,0,30,,74,,,0,70,,74,4,,0,5,,75,,,0,30,,76,,,0,70,,76,4,,0,5,,77,,,0,30,,78,,,0,70,,78,4,,0,5,,79,,,0,30,,80,,,0,70,,80,4,,0,85,,81,,,0,30,,81,4,,0,5,,82,,,0,70,,82,4,,0,5,,83,,,0,30,,83,4,,0,5,,84,,,0,70,,84,4,,0,5,,85,,,0,30,,85,4,,0
201,'5014',605,,168,,,0,30,,168,4,,0,5,,169,,,0,70,,170,,,0,30,,170,4,,0,5,,171,,,0,70,,171,4,,0,30,,172,4,,0,10,,173,,,0,70,,174,,,0,30,,174,4,,0,45,,175,,,0,30,,175,4,,0,70,,176,4,,0,5,,177,,,0,30,,177,4,,0,70,,178,4,,0,5,,179,,,0,30,,181,,,0,70,,181,4,,0,5,,182,,,0,30,,183,,,0,70,,183,4,,0,5,,184,,,0,30,,185,,,0,70,,185,4,,0,5,,186,,,0,30,,186,4,,0,50,,187,,,0,30,,187,4,,0,5,,180,,,0,70,,180,4,,0,5,,188,,,0,30,,188,4,,0,5,,189,,,0,70,,189,4,,0,5,,190,,,0,30,,190,4,,0
201,'5015',715,,191,,,0,30,,192,,,0,70,,193,,,0,30,,194,,,0,70,,194,4,,0,30,,196,,,0,70,,196,4,,0,15,,197,,,0,70,,198,,,0,30,,198,4,,0,70,,199,4,,0,30,,201,,,0,70,,201,4,,0,30,,202,4,,0,70,,203,4,,0,30,,204,4,,0,15,,205,,,0,70,,206,,,0,30,,206,4,,0,70,,208,,,0,30,,209,,,0,70,,209,4,,0,30,,211,,,0,70,,212,,,0,30,,212,4,,0,70,,213,4,,0
301,'5012',745,,86,,,0,69,,86,4,,0,31,,87,,,0,69,,87,4,,0,31,,88,,,0,69,,88,4,,0,86,,89,,,0,29,,89,4,,0,71,,90,,,0,29,,90,4,,0,71,,91,,,0,29,,91,4,,0,1,,92,,,0,29,,92,4,,0,41,,93,,,0,29,,93,4,,0,1,,94,,,0,29,,94,4,,0,56,,95,,,0,29,,95,4,,0,1,,96,,,0,69,,96,4,,0,1,,97,,,0,29,,97,4,,0,1,,98,,,0,69,,98,4,,0,1,,99,,,0,29,,99,4,,0,1,,100,,,0,69,,100,4,,0,1,,101,,,0,29,,101,4,,0
301,'5013',640,,102,,,0,69,,102,4,,0,1,,103,,,0,29,,103,4,,0,6,,104,,,0,69,,104,4,,0,41,,105,,,0,69,,105,4,,0,1,,106,,,0,29,,106,4,,0,46,,107,,,0,29,,107,4,,0,1,,108,,,0,29,,108,4,,0,46,,109,,,0,29,,109,4,,0,1,,110,,,0,69,,110,4,,0,6,,111,,,0,29,,111,4,,0,1,,112,,,0,69,,112,4,,0,6,,113,,,0,29,,113,4,,0,1,,114,,,0,69,,114,4,,0,6,,115,,,0,29,,115,4,,0,1,,116,,,0,69,,116,4,,0,86,,117,,,0,29,,117,4,,0,6,,118,,,0,69,,118,4,,0,6,,119,,,0,29,,119,4,,0,6,,120,,,0,69,,120,4,,0,6,,121,,,0,29,,121,4,,0,1,,122,,,0
301,'5014',640,,214,,,0,69,,214,4,,0,1,,215,,,0,29,,215,4,,0,6,,216,,,0,69,,216,4,,0,1,,217,,,0,29,,217,4,,0,11,,218,,,0,69,,218,4,,0,1,,219,,,0,29,,219,4,,0,46,,220,,,0,29,,220,4,,0,1,,221,,,0,29,,221,4,,0,46,,222,,,0,29,,222,4,,0,1,,223,,,0,69,,223,4,,0,6,,224,,,0,29,,224,4,,0,1,,225,,,0,69,,225,4,,0,6,,226,,,0,29,,226,4,,0,1,,227,,,0,69,,227,4,,0,6,,228,,,0,29,,228,4,,0,1,,236,,,0,69,,236,4,,0,6,,230,,,0,29,,230,4,,0,51,,231,,,0,29,,231,4,,0,6,,232,,,0,69,,232,4,,0,6,,233,,,0,29,,233,4,,0,6,,234,,,0,69,,234,4,,0,6,,235,,,0,29,,235,4,,0,1,,229,,,0
301,'5015',745,,237,,,0,69,,237,4,,0,31,,238,,,0,69,,238,4,,0,31,,239,,,0,69,,239,4,,0,86,,240,,,0,29,,240,4,,0,71,,241,,,0,29,,241,4,,0,71,,242,,,0,29,,242,4,,0,1,,243,,,0,29,,243,4,,0,41,,244,,,0,29,,244,4,,0,1,,245,,,0,29,,245,4,,0,56,,246,,,0,29,,246,4,,0,1,,247,,,0,69,,247,4,,0,1,,248,,,0,29,,248,4,,0,1,,249,,,0,69,,249,4,,0,1,,250,,,0,29,,250,4,,0,1,,251,,,0,69,,251,4,,0,1,,252,,,0,29,,252,4,,0
400,'5013',815,,123,,,0,28,,123,4,,0,682,,124,,,0,28,,124,4,,0
501,'5013',815,,126,,,0,30,,126,4,,0,680,,125,,,0,30,,125,4,,0
