201,'5014',634,,335,34,,,0,75,,336,34,,,0,30,,337,34,,,0,75,,338,34,,,0,30,,339,34,,,0,80,,340,34,,,0,30,,341,34,,,0,75,,342,34,,,0,30,,343,34,,,0,75,,344,34,,,0,70,,345,34,,,0,35,,346,34,,,0,70,,348,34,,,0,35,,349,34,,,0,70,,350,34,,,0,35,,351,34,,,0,70,,352,34,,,0,35,,353,34,,,0,80,,354,34,,,0,75,,347,34,,,0,35,,355,34,,,0,75,,356,34,,,0,35,,357,34,,,0
201,'5015',744,,358,34,,,0,70,,359,34,,,0,30,,360,34,,,0,70,,361,34,,,0,30,,362,34,,,0,70,,363,34,,,0,45,,364,34,,,0,70,,365,34,,,0,30,,366,34,,,0,70,,367,34,,,0,30,,368,34,,,0,70,,369,34,,,0,30,,370,34,,,0,70,,371,34,,,0,85,,372,34,,,0,30,,373,34,,,0,70,,374,34,,,0,30,,375,34,,,0,70,,376,34,,,0,30,,377,34,,,0,70,,378,34,,,0,30,,379,34,,,0,70,,380,34,,,0
201,'5114',634,,381,34,,,0,75,,382,34,,,0,30,,383,34,,,0,75,,384,34,,,0,110,,385,34,,,0,30,,386,34,,,0,75,,387,34,,,0,30,,388,34,,,0,75,,389,34,,,0,70,,390,34,,,0,35,,391,34,,,0,70,,392,34,,,0,35,,393,34,,,0,70,,394,34,,,0,35,,395,34,,,0,70,,396,34,,,0,115,,397,34,,,0,75,,398,34,,,0,35,,399,34,,,0,75,,400,34,,,0,35,,401,34,,,0
201,'5115',744,,402,34,,,0,70,,403,34,,,0,30,,404,34,,,0,70,,405,34,,,0,30,,406,34,,,0,70,,407,34,,,0,45,,408,34,,,0,70,,409,34,,,0,30,,410,34,,,0,70,,411,34,,,0,30,,412,34,,,0,70,,413,34,,,0,30,,414,34,,,0,70,,415,34,,,0,85,,416,34,,,0,30,,417,34,,,0,70,,418,34,,,0,30,,419,34,,,0,70,,420,34,,,0,30,,421,34,,,0,70,,422,34,,,0,30,,423,34,,,0,70,,424,34,,,0
301,'5014',700,,426,25,,,0,30,,427,25,,,0,75,,425,25,,,0,30,,428,25,,,0,80,,430,25,,,0,30,,431,25,,,0,75,,432,25,,,0,30,,429,25,,,0,75,,433,25,,,0,30,,434,25,,,0,75,,435,25,,,0,70,,436,25,,,0,35,,437,25,,,0,70,,438,25,,,0,35,,439,25,,,0,70,,447,25,,,0,35,,441,25,,,0,80,,442,25,,,0,75,,443,25,,,0,35,,444,25,,,0,75,,445,25,,,0,35,,446,25,,,0
301,'5015',805,,448,25,,,0,100,,449,25,,,0,100,,450,25,,,0,115,,451,25,,,0,100,,452,25,,,0,100,,453,25,,,0,30,,454,25,,,0,70,,455,25,,,0,30,,456,25,,,0,85,,457,25,,,0,70,,458,25,,,0,30,,459,25,,,0,70,,460,25,,,0,30,,461,25,,,0,70,,462,25,,,0,30,,463,25,,,0
301,'5114',700,,464,25,,,0,30,,465,25,,,0,75,,466,25,,,0,110,,467,25,,,0,30,,468,25,,,0,75,,469,25,,,0,30,,470,25,,,0,75,,471,25,,,0,30,,472,25,,,0,75,,473,25,,,0,70,,474,25,,,0,35,,475,25,,,0,70,,476,25,,,0,35,,477,25,,,0,70,,478,25,,,0,115,,479,25,,,0,75,,480,25,,,0,35,,481,25,,,0,75,,482,25,,,0,35,,483,25,,,0
301,'5115',805,,485,25,,,0,100,,486,25,,,0,100,,487,25,,,0,115,,489,25,,,0,100,,490,25,,,0,100,,491,25,,,0,30,,488,25,,,0,70,,492,25,,,0,30,,493,25,,,0,85,,494,25,,,0,70,,495,25,,,0,30,,496,25,,,0,70,,497,25,,,0,30,,498,25,,,0,70,,499,25,,,0,30,,500,25,,,0
400,'5114',842,,501,29,,,0,710,,502,29,,,0
501,'5114',836,,504,14,,,0,710,,503,14,,,0
