201,'5014',628,,335,28,,,0,75,,336,28,,,0,30,,337,28,,,0,75,,338,28,,,0,30,,339,28,,,0,80,,340,28,,,0,30,,341,28,,,0,75,,342,28,,,0,30,,343,28,,,0,75,,344,28,,,0,30,,345,28,,,0,75,,346,28,,,0,70,,348,28,,,0,35,,349,28,,,0,70,,350,28,,,0,35,,351,28,,,0,70,,352,28,,,0,35,,353,28,,,0,80,,354,28,,,0,75,,347,28,,,0,35,,355,28,,,0,75,,356,28,,,0,35,,357,28,,,0
201,'5015',738,,358,28,,,0,70,,359,28,,,0,30,,360,28,,,0,70,,361,28,,,0,30,,362,28,,,0,70,,363,28,,,0,45,,364,28,,,0,70,,365,28,,,0,30,,366,28,,,0,70,,367,28,,,0,30,,368,28,,,0,70,,369,28,,,0,30,,370,28,,,0,70,,371,28,,,0,85,,372,28,,,0,30,,373,28,,,0,70,,374,28,,,0,30,,375,28,,,0,70,,376,28,,,0,30,,377,28,,,0,70,,378,28,,,0,30,,379,28,,,0,70,,380,28,,,0
201,'5112',628,,106,28,,,0,75,,107,28,,,0,30,,108,28,,,0,75,,109,28,,,0,110,,110,28,,,0,30,,111,28,,,0,75,,112,28,,,0,30,,113,28,,,0,75,,114,28,,,0,30,,115,28,,,0,75,,116,28,,,0,70,,117,28,,,0,35,,118,28,,,0,70,,119,28,,,0,35,,120,28,,,0,70,,121,28,,,0,115,,122,28,,,0,75,,123,28,,,0,35,,124,28,,,0,75,,125,28,,,0,35,,126,28,,,0
201,'5113',738,,83,28,,,0,70,,84,28,,,0,30,,85,28,,,0,70,,86,28,,,0,30,,87,28,,,0,70,,88,28,,,0,45,,89,28,,,0,70,,90,28,,,0,30,,91,28,,,0,70,,92,28,,,0,30,,93,28,,,0,70,,94,28,,,0,30,,95,28,,,0,70,,96,28,,,0,85,,97,28,,,0,30,,98,28,,,0,70,,99,28,,,0,30,,100,28,,,0,70,,101,28,,,0,30,,102,28,,,0,70,,103,28,,,0,30,,104,28,,,0,70,,105,28,,,0
201,'5114',628,,381,28,,,0,75,,382,28,,,0,30,,383,28,,,0,75,,384,28,,,0,110,,385,28,,,0,30,,386,28,,,0,75,,387,28,,,0,30,,388,28,,,0,75,,389,28,,,0,30,,390,28,,,0,75,,391,28,,,0,70,,392,28,,,0,35,,393,28,,,0,70,,394,28,,,0,35,,395,28,,,0,70,,396,28,,,0,115,,397,28,,,0,75,,398,28,,,0,35,,399,28,,,0,75,,400,28,,,0,35,,401,28,,,0
201,'5115',738,,402,28,,,0,70,,403,28,,,0,30,,404,28,,,0,70,,405,28,,,0,30,,406,28,,,0,70,,407,28,,,0,45,,408,28,,,0,70,,409,28,,,0,30,,410,28,,,0,70,,411,28,,,0,30,,412,28,,,0,70,,413,28,,,0,30,,414,28,,,0,70,,415,28,,,0,85,,416,28,,,0,30,,417,28,,,0,70,,418,28,,,0,30,,419,28,,,0,70,,420,28,,,0,30,,421,28,,,0,70,,422,28,,,0,30,,423,28,,,0,70,,424,28,,,0
301,'5014',655,,426,19,,,0,70,,427,19,,,0,75,,425,19,,,0,30,,428,19,,,0,80,,430,19,,,0,30,,431,19,,,0,75,,432,19,,,0,30,,429,19,,,0,75,,433,19,,,0,30,,434,19,,,0,75,,435,19,,,0,30,,436,19,,,0,75,,437,19,,,0,70,,438,19,,,0,35,,439,19,,,0,70,,447,19,,,0,35,,441,19,,,0,80,,442,19,,,0,35,,443,19,,,0,75,,444,19,,,0,75,,445,19,,,0,35,,446,19,,,0
301,'5015',800,,448,19,,,0,100,,449,19,,,0,100,,450,19,,,0,115,,451,19,,,0,100,,452,19,,,0,100,,453,19,,,0,30,,454,19,,,0,70,,455,19,,,0,30,,456,19,,,0,85,,457,19,,,0,70,,458,19,,,0,30,,459,19,,,0,70,,460,19,,,0,30,,461,19,,,0,70,,462,19,,,0,30,,463,19,,,0
301,'5112',655,,189,19,,,0,70,,190,19,,,0,75,,191,19,,,0,110,,192,19,,,0,30,,193,19,,,0,75,,194,19,,,0,30,,195,19,,,0,75,,196,19,,,0,30,,197,19,,,0,75,,198,19,,,0,30,,199,19,,,0,75,,200,19,,,0,70,,201,19,,,0,35,,202,19,,,0,70,,203,19,,,0,115,,204,19,,,0,35,,205,19,,,0,75,,206,19,,,0,75,,207,19,,,0,35,,208,19,,,0
301,'5113',800,,173,19,,,0,100,,174,19,,,0,100,,175,19,,,0,115,,176,19,,,0,100,,177,19,,,0,100,,178,19,,,0,30,,179,19,,,0,70,,180,19,,,0,30,,181,19,,,0,85,,182,19,,,0,70,,183,19,,,0,30,,184,19,,,0,70,,185,19,,,0,30,,186,19,,,0,70,,187,19,,,0,30,,188,19,,,0
301,'5114',655,,464,19,,,0,70,,465,19,,,0,75,,466,19,,,0,110,,467,19,,,0,30,,468,19,,,0,75,,469,19,,,0,30,,470,19,,,0,75,,471,19,,,0,30,,472,19,,,0,75,,473,19,,,0,30,,474,19,,,0,75,,475,19,,,0,70,,476,19,,,0,35,,477,19,,,0,70,,478,19,,,0,115,,479,19,,,0,35,,480,19,,,0,75,,481,19,,,0,75,,482,19,,,0,35,,483,19,,,0
301,'5115',800,,485,19,,,0,100,,486,19,,,0,100,,487,19,,,0,115,,489,19,,,0,100,,490,19,,,0,100,,491,19,,,0,30,,488,19,,,0,70,,492,19,,,0,30,,493,19,,,0,85,,494,19,,,0,70,,495,19,,,0,30,,496,19,,,0,70,,497,19,,,0,30,,498,19,,,0,70,,499,19,,,0,30,,500,19,,,0
501,'5112',829,,252,8,,,0,710,,251,8,,,0
501,'5114',829,,504,8,,,0,710,,503,8,,,0
