201,'5012',744,,83,33,,,0,70,,84,33,,,0,30,,85,33,,,0,70,,86,33,,,0,30,,87,33,,,0,70,,88,33,,,0,45,,89,33,,,0,70,,90,33,,,0,30,,91,33,,,0,70,,92,33,,,0,30,,93,33,,,0,70,,94,33,,,0,30,,95,33,,,0,70,,96,33,,,0,85,,97,33,,,0,30,,98,33,,,0,70,,99,33,,,0,30,,100,33,,,0,70,,101,33,,,0,30,,102,33,,,0,70,,103,33,,,0,30,,104,33,,,0,70,,105,33,,,0
201,'5013',634,,106,33,,,0,75,,107,33,,,0,30,,108,33,,,0,75,,109,33,,,0,110,,110,33,,,0,30,,111,33,,,0,75,,112,33,,,0,30,,113,33,,,0,75,,114,33,,,0,70,,115,33,,,0,35,,116,33,,,0,70,,117,33,,,0,35,,118,33,,,0,70,,119,33,,,0,35,,120,33,,,0,70,,121,33,,,0,115,,122,33,,,0,75,,123,33,,,0,35,,124,33,,,0,75,,125,33,,,0,35,,126,33,,,0
201,'5014',634,,127,33,,,0,75,,128,33,,,0,30,,129,33,,,0,75,,130,33,,,0,30,,131,33,,,0,80,,132,33,,,0,30,,133,33,,,0,75,,134,33,,,0,30,,135,33,,,0,75,,136,33,,,0,70,,137,33,,,0,35,,138,33,,,0,70,,140,33,,,0,35,,141,33,,,0,70,,142,33,,,0,35,,143,33,,,0,70,,144,33,,,0,35,,145,33,,,0,80,,146,33,,,0,75,,139,33,,,0,35,,147,33,,,0,75,,148,33,,,0,35,,149,33,,,0
201,'5015',744,,150,33,,,0,70,,151,33,,,0,30,,152,33,,,0,70,,153,33,,,0,30,,154,33,,,0,70,,155,33,,,0,45,,156,33,,,0,70,,157,33,,,0,30,,158,33,,,0,70,,159,33,,,0,30,,160,33,,,0,70,,161,33,,,0,30,,162,33,,,0,70,,163,33,,,0,85,,164,33,,,0,30,,165,33,,,0,70,,166,33,,,0,30,,167,33,,,0,70,,168,33,,,0,30,,169,33,,,0,70,,170,33,,,0,30,,171,33,,,0,70,,172,33,,,0
301,'5012',805,,173,24,,,0,100,,174,24,,,0,100,,175,24,,,0,115,,176,24,,,0,100,,177,24,,,0,100,,178,24,,,0,30,,179,24,,,0,70,,180,24,,,0,30,,181,24,,,0,85,,182,24,,,0,70,,183,24,,,0,30,,184,24,,,0,70,,185,24,,,0,30,,186,24,,,0,70,,187,24,,,0,30,,188,24,,,0
301,'5013',700,,189,24,,,0,30,,190,24,,,0,75,,191,24,,,0,110,,192,24,,,0,30,,193,24,,,0,75,,194,24,,,0,30,,195,24,,,0,75,,196,24,,,0,30,,197,24,,,0,75,,198,24,,,0,70,,199,24,,,0,35,,200,24,,,0,70,,201,24,,,0,35,,202,24,,,0,70,,203,24,,,0,115,,204,24,,,0,75,,205,24,,,0,35,,206,24,,,0,75,,207,24,,,0,35,,208,24,,,0
301,'5014',700,,210,24,,,0,30,,211,24,,,0,75,,212,24,,,0,30,,213,24,,,0,80,,214,24,,,0,30,,215,24,,,0,75,,216,24,,,0,30,,217,24,,,0,75,,218,24,,,0,30,,219,24,,,0,75,,220,24,,,0,70,,221,24,,,0,35,,222,24,,,0,70,,223,24,,,0,35,,224,24,,,0,70,,232,24,,,0,35,,226,24,,,0,80,,227,24,,,0,75,,228,24,,,0,35,,229,24,,,0,75,,230,24,,,0,35,,231,24,,,0
301,'5015',805,,233,24,,,0,100,,234,24,,,0,100,,235,24,,,0,115,,236,24,,,0,100,,237,24,,,0,100,,238,24,,,0,30,,239,24,,,0,70,,240,24,,,0,30,,241,24,,,0,85,,242,24,,,0,70,,243,24,,,0,30,,244,24,,,0,70,,245,24,,,0,30,,246,24,,,0,70,,247,24,,,0,30,,248,24,,,0
400,'5013',842,,249,28,,,0,710,,250,28,,,0
501,'5013',836,,252,13,,,0,710,,251,13,,,0
