201,'5014',628,,335,27,,,0,75,,336,27,,,0,30,,337,27,,,0,75,,338,27,,,0,30,,339,27,,,0,80,,340,27,,,0,30,,341,27,,,0,75,,342,27,,,0,30,,343,27,,,0,75,,344,27,,,0,30,,345,27,,,0,75,,346,27,,,0,70,,348,27,,,0,35,,349,27,,,0,70,,350,27,,,0,35,,351,27,,,0,70,,352,27,,,0,35,,353,27,,,0,80,,354,27,,,0,75,,347,27,,,0,35,,355,27,,,0,75,,356,27,,,0,35,,357,27,,,0
201,'5015',738,,358,27,,,0,70,,359,27,,,0,30,,360,27,,,0,70,,361,27,,,0,30,,362,27,,,0,70,,363,27,,,0,45,,364,27,,,0,70,,365,27,,,0,30,,366,27,,,0,70,,367,27,,,0,30,,368,27,,,0,70,,369,27,,,0,30,,370,27,,,0,70,,371,27,,,0,85,,372,27,,,0,30,,373,27,,,0,70,,374,27,,,0,30,,375,27,,,0,70,,376,27,,,0,30,,377,27,,,0,70,,378,27,,,0,30,,379,27,,,0,70,,380,27,,,0
201,'5112',628,,106,27,,,0,75,,107,27,,,0,30,,108,27,,,0,75,,109,27,,,0,110,,110,27,,,0,30,,111,27,,,0,75,,112,27,,,0,30,,113,27,,,0,75,,114,27,,,0,30,,115,27,,,0,75,,116,27,,,0,70,,117,27,,,0,35,,118,27,,,0,70,,119,27,,,0,35,,120,27,,,0,70,,121,27,,,0,115,,122,27,,,0,75,,123,27,,,0,35,,124,27,,,0,75,,125,27,,,0,35,,126,27,,,0
201,'5113',738,,83,27,,,0,70,,84,27,,,0,30,,85,27,,,0,70,,86,27,,,0,30,,87,27,,,0,70,,88,27,,,0,45,,89,27,,,0,70,,90,27,,,0,30,,91,27,,,0,70,,92,27,,,0,30,,93,27,,,0,70,,94,27,,,0,30,,95,27,,,0,70,,96,27,,,0,85,,97,27,,,0,30,,98,27,,,0,70,,99,27,,,0,30,,100,27,,,0,70,,101,27,,,0,30,,102,27,,,0,70,,103,27,,,0,30,,104,27,,,0,70,,105,27,,,0
201,'5114',628,,381,27,,,0,75,,382,27,,,0,30,,383,27,,,0,75,,384,27,,,0,110,,385,27,,,0,30,,386,27,,,0,75,,387,27,,,0,30,,388,27,,,0,75,,389,27,,,0,30,,390,27,,,0,75,,391,27,,,0,70,,392,27,,,0,35,,393,27,,,0,70,,394,27,,,0,35,,395,27,,,0,70,,396,27,,,0,115,,397,27,,,0,75,,398,27,,,0,35,,399,27,,,0,75,,400,27,,,0,35,,401,27,,,0
201,'5115',738,,402,27,,,0,70,,403,27,,,0,30,,404,27,,,0,70,,405,27,,,0,30,,406,27,,,0,70,,407,27,,,0,45,,408,27,,,0,70,,409,27,,,0,30,,410,27,,,0,70,,411,27,,,0,30,,412,27,,,0,70,,413,27,,,0,30,,414,27,,,0,70,,415,27,,,0,85,,416,27,,,0,30,,417,27,,,0,70,,418,27,,,0,30,,419,27,,,0,70,,420,27,,,0,30,,421,27,,,0,70,,422,27,,,0,30,,423,27,,,0,70,,424,27,,,0
301,'5014',654,,426,18,,,0,70,,427,18,,,0,35,,425,18,,,0,70,,428,18,,,0,80,,430,18,,,0,30,,431,18,,,0,75,,432,18,,,0,30,,429,18,,,0,75,,433,18,,,0,30,,434,18,,,0,75,,435,18,,,0,30,,436,18,,,0,75,,437,18,,,0,30,,438,18,,,0,75,,439,18,,,0,70,,447,18,,,0,35,,441,18,,,0,80,,442,18,,,0,35,,443,18,,,0,75,,444,18,,,0,75,,445,18,,,0,35,,446,18,,,0
301,'5015',759,,448,18,,,0,100,,449,18,,,0,100,,450,18,,,0,155,,451,18,,,0,100,,452,18,,,0,100,,453,18,,,0,30,,454,18,,,0,70,,455,18,,,0,30,,456,18,,,0,85,,457,18,,,0,30,,458,18,,,0,70,,459,18,,,0,30,,460,18,,,0,70,,461,18,,,0,30,,462,18,,,0,70,,463,18,,,0
301,'5112',654,,189,18,,,0,70,,190,18,,,0,35,,191,18,,,0,150,,192,18,,,0,30,,193,18,,,0,75,,194,18,,,0,30,,195,18,,,0,75,,196,18,,,0,30,,197,18,,,0,75,,198,18,,,0,30,,199,18,,,0,75,,200,18,,,0,30,,201,18,,,0,75,,202,18,,,0,70,,203,18,,,0,115,,204,18,,,0,35,,205,18,,,0,75,,206,18,,,0,75,,207,18,,,0,35,,208,18,,,0
301,'5113',759,,173,18,,,0,100,,174,18,,,0,100,,175,18,,,0,155,,176,18,,,0,100,,177,18,,,0,100,,178,18,,,0,30,,179,18,,,0,70,,180,18,,,0,30,,181,18,,,0,85,,182,18,,,0,30,,183,18,,,0,70,,184,18,,,0,30,,185,18,,,0,70,,186,18,,,0,30,,187,18,,,0,70,,188,18,,,0
301,'5114',654,,464,18,,,0,70,,465,18,,,0,35,,466,18,,,0,150,,467,18,,,0,30,,468,18,,,0,75,,469,18,,,0,30,,470,18,,,0,75,,471,18,,,0,30,,472,18,,,0,75,,473,18,,,0,30,,474,18,,,0,75,,475,18,,,0,30,,476,18,,,0,75,,477,18,,,0,70,,478,18,,,0,115,,479,18,,,0,35,,480,18,,,0,75,,481,18,,,0,75,,482,18,,,0,35,,483,18,,,0
301,'5115',759,,485,18,,,0,100,,486,18,,,0,100,,487,18,,,0,155,,489,18,,,0,100,,490,18,,,0,100,,491,18,,,0,30,,488,18,,,0,70,,492,18,,,0,30,,493,18,,,0,85,,494,18,,,0,30,,495,18,,,0,70,,496,18,,,0,30,,497,18,,,0,70,,498,18,,,0,30,,499,18,,,0,70,,500,18,,,0
501,'5112',828,,252,7,,,0,710,,251,7,,,0
501,'5114',828,,504,7,,,0,710,,503,7,,,0
