201,'5012',743,,83,32,,,0,70,,84,32,,,0,30,,85,32,,,0,70,,86,32,,,0,30,,87,32,,,0,70,,88,32,,,0,45,,89,32,,,0,70,,90,32,,,0,30,,91,32,,,0,70,,92,32,,,0,30,,93,32,,,0,70,,94,32,,,0,30,,95,32,,,0,70,,96,32,,,0,85,,97,32,,,0,30,,98,32,,,0,70,,99,32,,,0,30,,100,32,,,0,70,,101,32,,,0,30,,102,32,,,0,70,,103,32,,,0,30,,104,32,,,0,70,,105,32,,,0
201,'5013',633,,106,32,,,0,75,,107,32,,,0,30,,108,32,,,0,75,,109,32,,,0,110,,110,32,,,0,30,,111,32,,,0,75,,112,32,,,0,30,,113,32,,,0,75,,114,32,,,0,70,,115,32,,,0,35,,116,32,,,0,70,,117,32,,,0,35,,118,32,,,0,70,,119,32,,,0,35,,120,32,,,0,70,,121,32,,,0,115,,122,32,,,0,75,,123,32,,,0,35,,124,32,,,0,75,,125,32,,,0,35,,126,32,,,0
201,'5014',633,,127,32,,,0,75,,128,32,,,0,30,,129,32,,,0,75,,130,32,,,0,30,,131,32,,,0,80,,132,32,,,0,30,,133,32,,,0,75,,134,32,,,0,30,,135,32,,,0,75,,136,32,,,0,70,,137,32,,,0,35,,138,32,,,0,70,,140,32,,,0,35,,141,32,,,0,70,,142,32,,,0,35,,143,32,,,0,70,,144,32,,,0,35,,145,32,,,0,80,,146,32,,,0,75,,139,32,,,0,35,,147,32,,,0,75,,148,32,,,0,35,,149,32,,,0
201,'5015',743,,150,32,,,0,70,,151,32,,,0,30,,152,32,,,0,70,,153,32,,,0,30,,154,32,,,0,70,,155,32,,,0,45,,156,32,,,0,70,,157,32,,,0,30,,158,32,,,0,70,,159,32,,,0,30,,160,32,,,0,70,,161,32,,,0,30,,162,32,,,0,70,,163,32,,,0,85,,164,32,,,0,30,,165,32,,,0,70,,166,32,,,0,30,,167,32,,,0,70,,168,32,,,0,30,,169,32,,,0,70,,170,32,,,0,30,,171,32,,,0,70,,172,32,,,0
301,'5012',804,,173,23,,,0,100,,174,23,,,0,100,,175,23,,,0,115,,176,23,,,0,100,,177,23,,,0,100,,178,23,,,0,30,,179,23,,,0,70,,180,23,,,0,30,,181,23,,,0,85,,182,23,,,0,70,,183,23,,,0,30,,184,23,,,0,70,,185,23,,,0,30,,186,23,,,0,70,,187,23,,,0,30,,188,23,,,0
301,'5013',659,,189,23,,,0,70,,190,23,,,0,75,,191,23,,,0,110,,192,23,,,0,30,,193,23,,,0,75,,194,23,,,0,30,,195,23,,,0,75,,196,23,,,0,30,,197,23,,,0,75,,198,23,,,0,30,,199,23,,,0,75,,200,23,,,0,70,,201,23,,,0,35,,202,23,,,0,70,,203,23,,,0,115,,204,23,,,0,35,,205,23,,,0,75,,206,23,,,0,75,,207,23,,,0,35,,208,23,,,0
301,'5014',659,,210,23,,,0,70,,211,23,,,0,75,,212,23,,,0,30,,213,23,,,0,80,,214,23,,,0,30,,215,23,,,0,75,,216,23,,,0,30,,217,23,,,0,75,,218,23,,,0,30,,219,23,,,0,75,,220,23,,,0,30,,221,23,,,0,75,,222,23,,,0,70,,223,23,,,0,35,,224,23,,,0,70,,232,23,,,0,35,,226,23,,,0,80,,227,23,,,0,35,,228,23,,,0,75,,229,23,,,0,75,,230,23,,,0,35,,231,23,,,0
301,'5015',804,,233,23,,,0,100,,234,23,,,0,100,,235,23,,,0,115,,236,23,,,0,100,,237,23,,,0,100,,238,23,,,0,30,,239,23,,,0,70,,240,23,,,0,30,,241,23,,,0,85,,242,23,,,0,70,,243,23,,,0,30,,244,23,,,0,70,,245,23,,,0,30,,246,23,,,0,70,,247,23,,,0,30,,248,23,,,0
400,'5013',841,,249,27,,,0,710,,250,27,,,0
501,'5013',835,,252,12,,,0,710,,251,12,,,0
