103,198001,1,0
103,198040,2,0
103,198036,3,0
103,198024,4,0
103,198043,5,0
103,198002,6,0
103,198020,7,0
103,198021,8,0
103,198023,9,0
103,198085,10,0
103,198010,11,0
103,198026,12,0
103,198011,13,0
103,198012,14,0
103,198013,15,0
103,198041,16,0
103,198044,17,0
103,198045,18,0
103,198046,19,0
103,198014,20,0
103,198015,21,0
103,198016,22,0
103,198084,23,1
104,198084,1,0
104,198047,2,0
104,198018,3,0
104,198017,4,0
104,198019,5,0
104,198025,6,0
104,198000,7,0
104,198001,8,1
201,198001,1,0
201,198066,2,0
201,198065,3,0
201,198004,4,0
201,198064,5,0
201,198058,6,0
201,198059,7,0
201,198060,8,0
201,198061,9,0
201,198062,10,0
201,198005,11,0
201,198048,12,0
201,198049,13,0
201,198050,14,0
201,198051,15,1
202,198051,1,0
202,198052,2,0
202,198053,3,0
202,198054,4,0
202,198055,5,0
202,198056,6,0
202,198006,7,0
202,198057,8,0
202,198042,9,0
202,198063,10,0
202,198007,11,0
202,198079,12,0
202,198080,13,0
202,198081,14,0
202,198009,15,0
202,198037,16,0
202,198038,17,0
202,198001,18,1
303,198009,1,0
303,198037,2,0
303,198038,3,0
303,198039,4,0
303,198085,5,0
303,198031,6,0
303,198029,7,0
303,198030,8,0
303,198032,9,0
303,198033,10,0
303,198034,11,0
303,198035,12,0
303,198001,13,1
304,198001,1,0
304,198067,2,0
304,198068,3,0
304,198082,4,0
304,198069,5,0
304,198070,6,0
304,198071,7,0
304,198072,8,0
304,198073,9,0
304,198074,10,0
304,198075,11,0
304,198007,12,0
304,198079,13,0
304,198080,14,0
304,198081,15,0
304,198009,16,1
